80 40
00000000000000000000000000000000000000000000000000000000000000000000000000000000
00000000000000000000000000000000000000000000000000000000000000000000000000000000
00000000000000000000000000000000000000000000000000000000000000000000000000000000
00000000000000000000000000000000000000000000000000000000000000000000000000000000
00000000000000000000000000000000000000000000000000000000000000000000000000000000
00000000000000000000000000000000000000000000000000000000000000000000000000000000
00000000000000000000000000000000000000000000000000000000000000000000000000000000
00000000000000000000000000000000000000000000000000000000000000000000000000000000
00000000000000000000000000000000000000000000000000000000000000000000000000000000
00000000000000000000000000000000000000000000000000000000000000000000000000000000
00000000000000000000000000000000000000000000000000000000000000000000000000000000
00000000000000000000000000000000000000000000000000000000000000000000000000000000
00000000000000000000000000000000000000000000000000000000000000000000000000000000
00000000000000000000000000000000000000000000000000000000000000000000000000000000
00000000000000111000000000000000000000000000000000000000000000000000000000000000
00000000000011000110000000000000000000000000000000000000000000000000000000000000
00000000000100000001000000000000000000000000000000000000000000000000000000000000
00000000001000000000100000000000000000000000000000000000000000000000000000000000
00000000001000000000100000000000000000000000000000000000000000000000000000000000
00000000010000000000010000000000000000000000000000000000000000000000000000000000
00000000010000000000010000000000000000000000000000000000000000000000000000000000
00000000010000000000010000000000000000000000000000000000000000000000000000000000
00000000001000000000100000000000000000000000000000000000000000000000000000000000
00000000001000000000100000000000000000000000000000000000000000000000000000000000
00000000000100000001000000000000000000000000000000000000000000000000000000000000
00000000000011000110000000000000000000000000000000000000000000000000000000000000
00000000000000111000000000000000000000000000000000000000000000000000000000000000
00000000000000000000000000000000000000000000000000000000000000000000000000000000
00000000000000000000000000000000000000000000000000000000000000000000000000000000
00000000000000000000000000000000000000000000000000000000000000000000000000000000
00000000000000000000000000000000000000000000000000000000000000000000000000000000
00000000000000000000000000000000000000000000000000000000000000000000000000000000
00000000000000000000000000000000000000000000000000000000000000000000000000000000
00000000000000000000000000000000000000000000000000000000000000000000000000000000
00000000000000000000000000000000000000000000000000000000000000000000000000000000
00000000000000000000000000000000000000000000000000000000000000000000000000000000
00000000000000000000000000000000000000000000000000000000000000000000000000000000
00000000000000000000000000000000000000000000000000000000000000000000000000000000
00000000000000000000000000000000000000000000000000000000000000000000000000000000
00000000000000000000000000000000000000000000000000000000000000000000000000000000
