64 32
0000000000000000000000000000000000000000000000000000000000000000
0000000000000000000000000000000000000000000000000000000000000000
0000000000000000000000000000000000000000000011111111111110000000
0000000011111111111000000000000000000000001100000000000000000000
0000000000000000000100000000000000000000001000000000000000000000
0000000000111110000011000000000000000000010000111111000000000000
0000000000111111000000100000000000000000000000111111000000000000
0000000000111111000000000000000000000000000000111111000000000000
0000000000111110000000000000000000000000000000011111000000000000
0000000000000000000000000000000000000000000000000000000000000000
0000000000000000000000000000001100000000000000000000000000000000
0000000000000000000000000000011110000000000000000000000000000000
0000000000000000000000000000011110000000000000000000000000000000
0000000000000000000000000001111111100000000000000000000000000000
0000000000000000000000000011011001110000000000000000000000000000
0000000000000000000000000000000000000000000000000000000000000000
0000000000000000000000000000000000000000000000000000000000000000
0000000000000000000000000000000000000000000000000000000000000000
0000000000011111100000000000000000000000001011000000000000000000
0000000000011111111111000000000000000000111110000000000000000000
0000000000011111111111100000000000000001111110000000000000000000
0000000000001111111111111000000000000111111110000000000000000000
0000000000001111111111111110000000001111111100000000000000000000
0000000000000111111111111111000000011111111000000000000000000000
0000000000000011111111111111100000011111110000000000000000000000
0000000000000001111111111111111111111111100000000000000000000000
0000000000000000011111111111111111111110000000000000000000000000
0000000000000000001111111111111111111110000000000000000000000000
0000000000000000000000000000000000000000000000000000000000000000
0000000000000000000000000000000000000000000000000000000000000000
0000000000000000000000000000000000000000000000000000000000000000
0000000000000000000000000000000000000000000000000000000000000000
